Hydrogen H 1 0.812582 0.623610 2.267671 0.453534 1 1.007825 0.077178 65535 65535 65535 3
1 1.007825 99.988500
2 2.014102 0.011500
3 3.016049 0.000000
Helium He 2 2.135390 1.322808 2.645616 0.529123 0 4.002603 0.000000 55704 65535 65535 2
4 4.002603 99.999863
3 3.016029 0.000137
Lithium Li 3 1.662959 2.324363 3.439301 0.687860 1 7.016004 0.036016 52428 32767 65535 2
7 7.016004 92.410000
6 6.015122 7.590000
Beryllium Be 4 1.039349 1.700753 3.212534 0.642507 2 9.012182 0.057699 49806 65535 0 1
9 9.012182 100.000000
Boron B 5 1.946418 1.549575 3.930630 0.786126 3 11.009305 0.074972 65535 46529 46529 2
11 11.009305 80.100000
10 10.012937 19.900000
Carbon C 6 1.662959 1.455089 3.684966 0.736993 4 12.000000 0.093716 32767 32767 32767 3
12 12.000000 98.930000
13 13.003355 1.070000
14 14.003242 0.000000
Nitrogen N 7 1.662959 1.322808 3.495993 0.699199 3 14.003074 0.111724 3276 3276 65535 2
14 14.003074 99.632000
15 15.000109 0.368000
Oxygen O 8 1.662959 1.247219 3.212534 0.642507 2 15.994915 0.126424 65535 3276 3276 3
16 15.994915 99.757000
18 17.999160 0.205000
17 16.999132 0.038000
Fluorine F 9 1.587370 1.154623 3.269226 0.653845 1 18.998403 0.146270 45874 65535 65535 1
19 18.998403 100.000000
Neon Ne 10 2.494438 1.322808 2.910178 0.582036 0 19.992440 0.000000 45874 58326 62913 3
20 19.992440 90.480000
22 21.991386 9.250000
21 20.993847 0.270000
Sodium Na 11 3.968424 5.782561 4.289678 0.428968 1 22.989770 0.034179 43908 23592 62258 1
23 22.989770 100.000000
Magnesium Mg 12 2.456644 2.570027 3.269226 0.653845 2 23.985042 0.048144 35388 65535 0 3
24 23.985042 78.990000
26 25.982593 11.010000
25 24.985837 10.000000
Aluminium Al 13 2.929075 2.229877 3.873938 0.774788 6 26.981538 0.059169 49151 42597 42597 1
27 26.981538 100.000000
Silicon Si 14 2.645616 1.770673 3.968424 0.793685 6 27.976927 0.069827 32767 39321 39321 3
28 27.976927 92.229700
29 28.976495 4.683200
30 29.973770 3.087200
Phosphorus P 15 2.456644 1.681856 3.930630 0.786126 5 30.973762 0.080485 65535 32767 0 1
31 30.973762 100.000000
Sulphur S 16 2.305466 1.965315 3.779452 0.755890 4 31.972071 0.094818 65535 65535 12451 4
32 31.972071 94.930000
34 33.967867 4.290000
33 32.971458 0.760000
36 35.967081 0.020000
Chlorine Cl 17 2.248774 1.884057 3.722760 0.744552 1 34.968853 0.116134 7864 61602 7864 2
35 34.968853 75.780000
37 36.965903 24.220000
Argon Ar 18 3.344815 3.288123 3.552685 0.710537 0 39.962383 0.000000 32767 53738 58326 3
40 39.962383 99.600300
36 35.967546 0.336500
38 37.962732 0.063200
Potassium K 19 2.891281 3.836144 5.196746 1.039349 1 38.963707 0.030136 36699 16383 54394 3
39 38.963707 93.258100
41 40.961826 6.730200
40 39.963999 0.011700
Calcium Ca 20 2.248774 3.288123 3.728429 0.745686 2 39.962591 0.036751 15728 65535 0 6
40 39.962591 96.941000
44 43.955481 2.086000
42 41.958618 0.647000
48 47.952534 0.187000
43 42.958767 0.135000
46 45.953693 0.004000
Scandium Sc 21 3.099151 2.721205 3.212534 0.642507 6 44.955910 0.049982 58981 58981 58981 1
45 44.955910 100.000000
Titanium Ti 22 3.155842 2.494438 3.212534 0.642507 6 47.947947 0.056597 49151 49806 51117 5
48 47.947947 73.720000
46 45.952630 8.250000
47 46.951764 7.440000
49 48.947871 5.410000
50 49.944792 5.180000
Vanadium V 23 2.891281 2.305466 3.212534 0.642507 6 50.943964 0.059904 42597 42597 43908 2
51 50.943964 99.750000
50 49.947163 0.250000
Chromium Cr 24 2.929075 2.229877 3.212534 0.642507 6 51.940512 0.061007 35388 39321 51117 4
52 51.940512 83.789000
53 52.940654 9.501000
50 49.946050 4.345000
54 53.938885 2.365000
Manganese Mn 25 2.929075 2.210979 3.212534 0.642507 8 54.938050 0.056964 39976 31456 51117 1
55 54.938050 100.000000
Iron Fe 26 2.910178 2.210979 3.212534 0.642507 6 55.934942 0.067255 32767 31456 51117 4
56 55.934942 91.754000
54 53.939615 5.845000
57 56.935399 2.119000
58 57.933281 0.282000
Cobalt Co 27 2.891281 2.192082 3.212534 0.642507 6 58.933200 0.069092 28835 31456 51117 1
59 58.933200 100.000000
Nickel Ni 28 3.212534 2.173185 3.080253 0.616051 6 57.935348 0.070195 23592 31456 49806 5
58 57.935348 68.076900
60 59.930791 26.223100
62 61.928349 3.634500
61 60.931060 1.139900
64 63.927970 0.925600
Copper Cu 29 3.250329 2.210979 2.645616 0.529123 6 62.929601 0.069827 65535 31456 24903 2
63 62.929601 69.170000
65 64.927794 30.830000
Zinc Zn 30 3.118048 2.362157 2.626719 0.525344 6 63.929147 0.060639 32112 32767 45219 5
64 63.929147 48.630000
66 65.926037 27.900000
68 67.924848 18.750000
67 66.927131 4.100000
70 69.925325 0.620000
Gallium Ga 31 2.683411 2.381055 3.533788 0.706758 3 68.925581 0.066520 49806 36699 36699 2
69 68.925581 60.108000
71 70.924705 39.892000
Germanium Ge 32 2.588925 2.244994 3.212534 0.642507 4 73.921178 0.073870 26214 36699 36699 5
74 73.921178 36.280000
72 71.922076 27.540000
70 69.924250 20.840000
73 72.923459 7.730000
76 75.921403 7.610000
Arsenic As 33 2.664514 2.267671 3.495993 0.699199 3 74.921596 0.080118 48495 32767 58326 1
75 74.921596 100.000000
Selenium Se 34 2.683411 2.210979 3.590479 0.718096 2 79.916522 0.093716 65535 41287 0 6
80 79.916522 49.610000
78 77.917310 23.770000
76 75.919214 9.370000
82 81.916700 8.730000
77 76.919915 7.630000
74 73.922477 0.890000
Bromine Br 35 2.664514 2.205310 3.968424 0.793685 1 78.918338 0.108784 42597 10485 10485 2
79 78.918338 50.690000
81 80.916291 49.310000
Krypton Kr 36 3.987322 3.609377 3.817246 0.763449 0 83.911507 0.000000 23592 47185 53738 6
84 83.911507 57.000000
86 85.910610 17.300000
82 81.913485 11.580000
83 82.914136 11.490000
80 79.916378 2.280000
78 77.920386 0.350000
Rubidium Rb 37 3.155842 4.081808 3.212534 0.642507 1 84.911789 0.030136 28835 11796 45219 2
85 84.911789 72.170000
87 86.909183 27.830000
Strontium Sr 38 2.494438 3.609377 3.212534 0.642507 2 87.905614 0.034914 0 65535 0 4
88 87.905614 82.580000
86 85.909262 9.860000
87 86.908879 7.000000
84 83.913425 0.560000
Yttrium Y 39 3.741657 3.061356 3.212534 0.642507 6 88.905848 0.044836 38010 65535 65535 1
89 88.905848 100.000000
Zirconium Zr 40 3.325918 2.740103 3.212534 0.642507 6 89.904704 0.048879 38010 57670 57670 5
90 89.904704 51.450000
94 93.906316 17.380000
92 91.905040 17.150000
91 90.905645 11.220000
96 95.908276 2.800000
Niobium Nb 41 3.174740 2.532233 3.212534 0.642507 6 92.906378 0.058802 29490 49806 51772 1
93 92.906378 100.000000
Molybdenum Mo 42 3.155842 2.456644 3.212534 0.642507 6 97.905408 0.079383 21626 46529 46529 7
98 97.905408 24.130000
96 95.904679 16.680000
95 94.905841 15.920000
92 91.906810 14.840000
100 99.907477 9.630000
97 96.906021 9.550000
94 93.905088 9.250000
Technetium Tc 43 2.929075 2.399952 3.212534 0.642507 6 96.906365 0.069827 15073 40631 40631 3
97 96.906365 33.333333
98 97.907216 33.333333
99 98.906255 33.333333
Ruthenium Ru 44 3.023562 2.362157 3.212534 0.642507 6 101.904349 0.080853 9174 36699 36699 7
102 101.904349 31.550000
104 103.905430 18.620000
101 100.905582 17.060000
99 98.905939 12.760000
100 99.904220 12.600000
96 95.907598 5.540000
98 97.905287 1.870000
Rhodium Rh 45 3.118048 2.362157 3.212534 0.642507 6 102.905504 0.083793 2621 32112 36044 1
103 102.905504 100.000000
Palladium Pd 46 3.212534 2.418849 3.080253 0.616051 6 105.903483 0.080853 0 26869 34078 6
106 105.903483 27.330000
108 107.903894 26.460000
105 104.905084 22.330000
110 109.905152 11.720000
104 103.904035 11.140000
102 101.905608 1.020000
Silver Ag 47 3.382609 2.532233 3.250329 0.650066 6 106.905093 0.070930 57670 57670 65535 2
107 106.905093 51.839000
109 108.904756 48.161000
Cadmium Cd 48 3.571582 2.796794 2.985767 0.597153 6 113.903358 0.062110 65535 55704 36699 8
114 113.903358 28.730000
112 111.902757 24.130000
111 110.904182 12.800000
110 109.903006 12.490000
113 112.904401 12.220000
116 115.904755 7.490000
106 105.906458 1.250000
108 107.904183 0.890000
Indium In 49 3.458198 2.721205 3.647171 0.729434 3 114.903878 0.065417 42597 30146 29490 2
115 114.903878 95.710000
113 112.904061 4.290000
Tin Sn 50 3.136945 2.617270 4.100705 0.820141 4 119.902197 0.072032 26214 32767 32767 10
120 119.902197 32.580000
118 117.901606 24.220000
116 115.901744 14.540000
119 118.903309 8.590000
117 116.902954 7.680000
124 123.905275 5.790000
122 121.903440 4.630000
112 111.904821 0.970000
114 113.902782 0.660000
115 114.903346 0.340000
Antimony Sb 51 3.136945 2.645616 4.157397 0.831479 3 120.903818 0.075340 40631 25558 46529 2
121 120.903818 57.210000
123 122.904216 42.790000
Tellurium Te 52 3.155842 2.604042 3.892835 0.778567 2 129.906223 0.077178 54394 31456 0 8
130 129.906223 34.080000
128 127.904461 31.740000
126 125.903306 18.840000
125 124.904425 7.070000
124 123.902820 4.740000
122 121.903047 2.550000
123 122.904273 0.890000
120 119.904020 0.090000
Iodine I 53 3.023562 2.621050 4.062911 0.812582 1 126.904468 0.097758 38010 0 38010 1
127 126.904468 100.000000
Xenon Xe 54 4.119603 3.741657 4.081808 0.816362 0 131.904155 0.095553 17039 40631 45219 9
132 131.904155 26.890000
129 128.904779 26.440000
131 130.905082 21.180000
134 133.905394 10.440000
136 135.907220 8.870000
130 129.903508 4.080000
128 127.903530 1.920000
126 125.904269 0.090000
124 123.905896 0.090000
Cesium Cs 55 3.533788 4.440856 3.212534 0.642507 1 132.905447 0.029033 22281 5898 36699 1
133 132.905447 100.000000
Barium Ba 56 2.910178 3.741657 3.212534 0.642507 2 137.905241 0.032709 0 51772 0 7
138 137.905241 71.698000
137 136.905821 11.232000
136 135.904570 7.854000
135 134.905683 6.592000
134 133.904503 2.417000
130 129.906310 0.106000
132 131.905056 0.101000
Lanthanum La 57 3.911733 3.193637 3.212534 0.642507 12 138.906348 0.040426 28835 54394 65535 2
139 138.906348 99.910000
138 137.907107 0.090000
Cerium Ce 58 3.836144 3.458198 3.212534 0.642507 6 139.905434 0.041161 65535 65535 51117 4
140 139.905434 88.450000
142 141.909240 11.114000
138 137.905986 0.251000
136 135.907140 0.185000
Praseodymium Pr 59 3.817246 3.439301 3.212534 0.642507 6 140.907648 0.041529 55704 65535 51117 1
141 140.907648 100.000000
Neodymium Nd 60 3.798349 3.420404 3.212534 0.642507 6 141.907719 0.041896 51117 65535 51117 7
142 141.907719 27.200000
144 143.910083 23.800000
146 145.913112 17.200000
143 142.909810 12.200000
145 144.912569 8.300000
148 147.916889 5.700000
150 149.920887 5.600000
Promethium Pm 61 3.779452 3.401507 3.212534 0.642507 6 144.912744 0.041529 41942 65535 51117 2
145 144.912744 50.000000
147 146.915134 50.000000
Samarium Sm 62 3.779452 3.401507 3.212534 0.642507 6 151.919728 0.042999 36699 65535 51117 7
152 151.919728 26.750000
154 153.922205 22.750000
147 146.914893 14.990000
149 148.917180 13.820000
148 147.914818 11.240000
150 149.917271 7.380000
144 143.911995 3.070000
Europium Eu 63 4.138500 3.760555 3.212534 0.642507 6 152.921226 0.044101 24903 65535 51117 2
153 152.921226 52.190000
151 150.919846 47.810000
Gadolinium Gd 64 3.760555 3.382609 3.212534 0.642507 6 157.924101 0.044101 17694 65535 51117 7
158 157.924101 24.840000
160 159.927051 21.860000
156 155.922120 20.470000
157 156.923957 15.650000
155 154.922619 14.800000
154 153.920862 2.180000
152 151.919788 0.200000
Terbium Tb 65 3.703863 3.325918 3.212534 0.642507 6 158.925343 0.040426 12451 65535 51117 1
159 158.925343 100.000000
Dysprosium Dy 66 3.684966 3.307020 3.212534 0.642507 6 163.929171 0.044836 7864 65535 51117 7
164 163.929171 28.180000
162 161.926795 25.510000
163 162.928728 24.900000
161 160.926930 18.910000
160 159.925194 2.340000
158 157.924405 0.100000
156 155.924278 0.060000
Holmium Ho 67 3.666068 3.288123 3.212534 0.642507 6 164.930319 0.045204 0 65535 39976 1
165 164.930319 100.000000
Erbium Er 68 3.647171 3.269226 3.212534 0.642507 6 165.930290 0.045571 0 58981 30146 6
166 165.930290 33.610000
168 167.932368 26.780000
167 166.932045 22.930000
170 169.935460 14.930000
164 163.929197 1.610000
162 161.928775 0.140000
Thulium Tm 69 3.628274 3.250329 3.212534 0.642507 6 168.934211 0.045939 0 54394 20971 1
169 168.934211 100.000000
Ytterbium Yb 70 4.044014 3.666068 3.212534 0.642507 6 173.938858 0.040426 0 49151 14417 7
174 173.938858 31.830000
172 171.936378 21.830000
173 172.938207 16.130000
171 170.936322 14.280000
176 175.942568 12.760000
170 169.934759 3.040000
168 167.933894 0.130000
Lutetium Lu 71 3.628274 3.250329 3.212534 0.642507 6 174.940768 0.046674 0 43908 9174 2
175 174.940768 97.410000
176 175.942682 2.590000
Hafnium Hf 72 3.344815 2.721205 3.212534 0.642507 6 179.946549 0.047777 19660 49806 65535 6
180 179.946549 35.080000
178 177.943698 27.280000
177 176.943220 18.600000
179 178.945815 13.620000
176 175.941402 5.260000
174 173.940040 0.160000
Tantalum Ta 73 3.080253 2.532233 3.212534 0.642507 6 180.947996 0.055127 19660 42597 65535 2
181 180.947996 99.988000
180 179.947466 0.012000
Tungsten W 74 2.966870 2.456644 3.212534 0.642507 6 183.950933 0.086733 8519 38010 55049 5
184 183.950933 30.640000
186 185.954362 28.430000
182 181.948206 26.500000
183 182.950224 14.310000
180 179.946706 0.120000
Rhenium Re 75 2.929075 2.418849 3.212534 0.642507 6 186.955751 0.069827 9830 32112 43908 2
187 186.955751 62.600000
185 184.952956 37.400000
Osmium Os 76 2.966870 2.381055 3.212534 0.642507 6 191.961479 0.080853 9830 26214 38665 7
192 191.961479 40.780000
190 189.958445 26.260000
189 188.958145 16.150000
188 187.955836 13.240000
187 186.955748 1.960000
186 185.953838 1.590000
184 183.952491 0.020000
Iridium Ir 77 2.872383 2.399952 3.212534 0.642507 6 192.962924 0.080853 5898 21626 34733 2
193 192.962924 62.700000
191 190.960591 37.300000
Platinum Pt 78 3.212534 2.456644 3.250329 0.650066 6 194.964774 0.083793 62913 60947 53738 6
195 194.964774 33.832000
194 193.962664 32.967000
196 195.964935 25.242000
198 197.967876 7.163000
192 191.961035 0.782000
190 189.959930 0.014000
Gold Au 79 3.212534 2.532233 3.136945 0.627389 6 196.966552 0.093348 52428 53738 7864 1
197 196.966552 100.000000
Mercury Hg 80 3.590479 2.815692 2.929075 0.585815 6 201.970626 0.073502 46529 46529 49806 7
202 201.970626 29.860000
200 199.968309 23.100000
199 198.968262 16.870000
201 200.970285 13.180000
198 197.966752 9.970000
204 203.973476 6.870000
196 195.965815 0.150000
Thallium Tl 81 3.307020 2.796794 3.703863 0.740773 3 204.974412 0.074972 42597 21626 19660 2
205 204.974412 70.476000
203 202.972329 29.524000
Lead Pb 82 3.288123 2.796794 3.817246 0.763449 4 207.976636 0.085630 22281 22937 24903 4
208 207.976636 52.400000
206 205.974449 24.100000
207 206.975881 22.100000
204 203.973029 1.400000
Bismuth Bi 83 3.288123 2.740103 3.212534 0.642507 3 208.980383 0.074237 40631 20315 46529 1
209 208.980383 100.000000
Polonium Po 84 3.552685 2.759000 3.212534 0.642507 2 208.982416 0.073502 43908 23592 0 2
209 208.982416 50.000000
210 209.982857 50.000000
Astatine At 85 3.590479 2.740103 3.212534 0.642507 1 209.987131 0.080853 30146 20315 17694 2
210 209.987131 50.000000
211 210.987481 50.000000
Radon Rn 86 4.913287 4.535342 3.212534 0.642507 0 210.990585 0.000000 17039 33422 38665 3
211 210.990585 33.333333
220 220.011384 33.333333
222 222.017571 33.333333
Francium Fr 87 4.157397 3.779452 3.212534 0.642507 1 223.019731 0.025726 17039 0 26214 1
223 223.019731 100.000000
radium Ra 88 3.968424 3.590479 3.212534 0.642507 2 223.018497 0.032709 0 32112 0 4
223 223.018497 25.000000
224 224.020202 25.000000
226 226.025403 25.000000
228 228.031064 25.000000
Actinium Ac 89 3.930630 3.552685 3.212534 0.642507 6 227.027747 0.040426 28835 43908 64224 1
227 227.027747 100.000000
Thorium Th 90 3.760555 3.382609 3.212534 0.642507 6 232.038050 0.047777 0 47840 65535 2
232 232.038050 100.000000
230 230.033127 0.000000
Protactinium Pa 91 3.420404 3.042459 3.212534 0.642507 6 231.035879 0.055127 0 41287 65535 1
231 231.035879 100.000000
Uranium U 92 3.363712 2.985767 3.514890 0.702978 6 238.050783 0.050717 0 36699 65535 5
238 238.050783 99.274500
235 235.043923 0.720000
234 234.040946 0.005500
236 236.045562 0.000000
233 233.039628 0.000000
Neptunium Np 93 3.307020 2.929075 3.212534 0.642507 6 237.048167 0.049982 0 32767 65535 2
237 237.048167 50.000000
239 239.052931 50.000000
Plutionium Pu 94 3.269226 2.891281 3.212534 0.642507 6 238.049553 0.047042 0 27524 65535 6
238 238.049553 16.666667
239 239.052156 16.666667
240 240.053808 16.666667
241 241.056845 16.666667
242 242.058737 16.666667
244 244.064198 16.666667
Americium Am 95 3.231431 2.022007 3.212534 0.642507 6 241.056823 0.047777 21626 23592 62258 2
241 241.056823 50.000000
243 243.061373 50.000000
Curium Cm 96 3.212534 0.000000 3.212534 0.642507 6 243.061382 0.047777 30801 23592 58326 6
243 243.061382 16.666667
244 244.062746 16.666667
245 245.065486 16.666667
246 246.067218 16.666667
247 247.070347 16.666667
248 248.072342 16.666667
Berkelium Bk 97 3.212534 0.000000 3.212534 0.642507 6 247.070299 0.047777 35388 20315 58326 2
247 247.070299 50.000000
249 249.074980 50.000000
Californium Cf 98 3.212534 0.000000 3.212534 0.642507 6 249.074847 0.047777 41287 13762 54394 4
249 249.074847 25.000000
250 250.076400 25.000000
251 251.079580 25.000000
252 252.081620 25.000000
Einsteinium Es 99 3.212534 0.000000 3.212534 0.642507 6 252.082970 0.047777 45874 7864 54394 1
252 252.082970 100.000000
Fermium Fm 100 3.212534 0.000000 3.212534 0.642507 6 257.095099 0.047777 45874 7864 47840 1
257 257.095099 100.000000
Mendelevium Md 101 3.212534 0.000000 3.212534 0.642507 6 256.094050 0.047777 45874 3276 42597 2
256 256.094050 50.000000
258 258.098425 50.000000
Nobelium No 102 3.212534 0.000000 3.212534 0.642507 6 259.101020 0.047777 48495 3276 34733 1
259 259.101020 100.000000
Lawrencium Lr 103 3.212534 0.000000 3.212534 0.642507 6 262.109690 0.047777 51117 0 26214 1
262 262.109690 100.000000
Rutherfordium Rf 104 3.401507 0.000000 3.212534 0.642507 6 261.108750 0.000000 52428 0 22937 1
261 261.108750 100.000000
Dubnium Db 105 3.401507 0.000000 3.212534 0.642507 6 262.114150 0.000000 53738 0 20315 1
262 262.114150 100.000000
Seaborgium Sg 106 3.401507 0.000000 3.212534 0.642507 6 266.121930 0.000000 55704 0 17694 1
266 266.121930 100.000000
Bohrium Bh 107 3.401507 0.000000 3.212534 0.642507 6 264.124730 0.000000 57670 0 14417 1
264 264.124730 100.000000
Hassium Hs 108 3.401507 0.000000 3.212534 0.642507 6 277.000000 0.000000 58981 0 11796 1
277 277.000000 100.000000
Meitnerium Mt 109 3.401507 0.000000 3.212534 0.642507 6 268.138820 0.000000 60292 0 9830 1
268 268.138820 100.000000
Dummy Xx 0 0.377945 0.000000 0.000000 0.000000 0 0.000000 0.000000 4587 32767 45874 0
Dummy X 0 0.377945 0.000000 0.000000 0.000000 0 0.000000 0.000000 4587 32767 45874 0
Tv Tv 112 0.377945 0.000000 0.000000 0.000000 0 1.000000 0.000000 4587 32767 45874 0
